5  
2  
2  
7   
10  
13  
13  
19  
9  
18 
14  
28   
30 
20  
26   
23  
28  
37 
42 
52 
58   
35  
41  
64 
77  
53  
73 
71 
78 
71 
77 
96 
86 
97 
124 
114 
121 
111 
153 
158 
177 
152 
192 
159 
127 
190 
162 
210 
215 
199 
214 
296 
227 
210 
242 
255 
302 
354 
186 
225 
288 
313 
445 
357 
197 
452 
393 
420 
249 
486 
506 
646 
426 
513 
574 
647 
581 
538 
636 
671 
517 
393 
581 
641 
538 
568 
602 
687 
593 
619 
517 
766 
611 
708 
595 
549 
815 
666 
676 
832 
739 
733 
693 
714 
958 
497 
484 
656 
608 
696 
810 
588 
768 
689 
845 
946 
785 
673 
688 
687 
667 
778 
997 
682 
846 
729 
1419 
153 
769 
803 
688 
666 
1401 
1437 
4494 
1370 
1960 
1710 
1519 
1685 
1857 
1012 
1098 
1347 
1289 
906 
1829 
1170 
1158 
1441 
1278 
1489 
1557 
1176 
1175 
1090 
1097 
1125 
1702 
955 
1083 
1105 
1349 
966 
1464 
1023 
1187 
1098 
861 
1044 
1302 
1027 
1284 
1099 
1182 
1051 
1229 
981 
1099  
892
860 
944  
1015 
892  
970 
999 
840 
866 
915 
867 
738 
1130   
609 
750
851 
728  
664 
700
637 
703 
694  
602 
578  
674  
523 
646  
769  
611 
640 
780 
519 
640 
626 
543 
586 
657 
416 
546 
474 
548 
552 
605 
500 
487 
602
397 
472 
682 
344 
424 
467 
412 
500 
537 
514 
538 
550 
466 
609 
635 
369 
372 
589 
348 
488 
601 
527 
438 
489 
577 
477 
643 
 